-1 -7
-1 -13
-1 -19
-1 -25
-1 -31
-1 -37
-1 -43
-1 -49
-1 -55
-7 -13
-7 -19
-7 -25
-7 -31
-7 -37
-7 -43
-7 -49
-7 -55
-13 -19
-13 -25
-13 -31
-13 -37
-13 -43
-13 -49
-13 -55
-19 -25
-19 -31
-19 -37
-19 -43
-19 -49
-19 -55
-25 -31
-25 -37
-25 -43
-25 -49
-25 -55
-31 -37
-31 -43
-31 -49
-31 -55
-37 -43
-37 -49
-37 -55
-43 -49
-43 -55
-49 -55
-2 -8
-2 -14
-2 -20
-2 -26
-2 -32
-2 -38
-2 -44
-2 -50
-2 -56
-8 -14
-8 -20
-8 -26
-8 -32
-8 -38
-8 -44
-8 -50
-8 -56
-14 -20
-14 -26
-14 -32
-14 -38
-14 -44
-14 -50
-14 -56
-20 -26
-20 -32
-20 -38
-20 -44
-20 -50
-20 -56
-26 -32
-26 -38
-26 -44
-26 -50
-26 -56
-32 -38
-32 -44
-32 -50
-32 -56
-38 -44
-38 -50
-38 -56
-44 -50
-44 -56
-50 -56
-3 -9
-3 -15
-3 -21
-3 -27
-3 -33
-3 -39
-3 -45
-3 -51
-3 -57
-9 -15
-9 -21
-9 -27
-9 -33
-9 -39
-9 -45
-9 -51
-9 -57
-15 -21
-15 -27
-15 -33
-15 -39
-15 -45
-15 -51
-15 -57
-21 -27
-21 -33
-21 -39
-21 -45
-21 -51
-21 -57
-27 -33
-27 -39
-27 -45
-27 -51
-27 -57
-33 -39
-33 -45
-33 -51
-33 -57
-39 -45
-39 -51
-39 -57
-45 -51
-45 -57
-51 -57
-4 -10
-4 -16
-4 -22
-4 -28
-4 -34
-4 -40
-4 -46
-4 -52
-4 -58
-10 -16
-10 -22
-10 -28
-10 -34
-10 -40
-10 -46
-10 -52
-10 -58
-16 -22
-16 -28
-16 -34
-16 -40
-16 -46
-16 -52
-16 -58
-22 -28
-22 -34
-22 -40
-22 -46
-22 -52
-22 -58
-28 -34
-28 -40
-28 -46
-28 -52
-28 -58
-34 -40
-34 -46
-34 -52
-34 -58
-40 -46
-40 -52
-40 -58
-46 -52
-46 -58
-52 -58
-5 -11
-5 -17
-5 -23
-5 -29
-5 -35
-5 -41
-5 -47
-5 -53
-5 -59
-11 -17
-11 -23
-11 -29
-11 -35
-11 -41
-11 -47
-11 -53
-11 -59
-17 -23
-17 -29
-17 -35
-17 -41
-17 -47
-17 -53
-17 -59
-23 -29
-23 -35
-23 -41
-23 -47
-23 -53
-23 -59
-29 -35
-29 -41
-29 -47
-29 -53
-29 -59
-35 -41
-35 -47
-35 -53
-35 -59
-41 -47
-41 -53
-41 -59
-47 -53
-47 -59
-53 -59
-6 -12
-6 -18
-6 -24
-6 -30
-6 -36
-6 -42
-6 -48
-6 -54
-6 -60
-12 -18
-12 -24
-12 -30
-12 -36
-12 -42
-12 -48
-12 -54
-12 -60
-18 -24
-18 -30
-18 -36
-18 -42
-18 -48
-18 -54
-18 -60
-24 -30
-24 -36
-24 -42
-24 -48
-24 -54
-24 -60
-30 -36
-30 -42
-30 -48
-30 -54
-30 -60
-36 -42
-36 -48
-36 -54
-36 -60
-42 -48
-42 -54
-42 -60
-48 -54
-48 -60
-54 -60
-25 8 14 20 32 44
-19 2 26 38 44
-13 8 26 32
-7 2 14 26
-1 8 20
-55 44 32
-43 20 26 38 56
-37 20 44
-31 14 26 56
-26 9 15 21 33 45
-20 3 27 39 45
-14 9 27 33
-8 3 15 27
-2 9 21
-56 45 33
-44 21 27 39 57
-38 21 45
-32 15 27 57
-27 10 16 22 34 46
-21 4 28 40 46
-15 10 28 34
-9 4 16 28
-3 10 22
-57 46 34
-45 22 28 40 58
-39 22 46
-33 16 28 58
-28 11 17 23 35 47
-22 5 29 41 47
-16 11 29 35
-10 5 17 29
-4 11 23
-58 47 35
-46 23 29 41 59
-40 23 47
-34 17 29 59
-29 12 18 24 36 48
-23 6 30 42 48
-17 12 30 36
-11 6 18 30
-5 12 24
-59 48 36
-47 24 30 42 60
-41 24 48
-35 18 30 60
-19 73
-13 73
-7 61
-55 61
-55 67
-37 67
-20 74
-14 74
-8 62
-56 62
-56 68
-38 68
-21 75
-15 75
-9 63
-57 63
-57 69
-39 69
-22 76
-16 76
-10 64
-58 64
-58 70
-40 70
-23 77
-17 77
-11 65
-59 65
-59 71
-41 71
-24 78
-18 78
-12 66
-60 66
-60 72
-42 72
-61 62
-67 68
-73 74
-62 63
-68 69
-74 75
-63 64
-69 70
-75 76
-64 65
-70 71
-76 77
-65 66
-71 72
-77 78
61 -62 8 56
67 -68 56 38
73 -74 20 14
62 -63 9 57
68 -69 57 39
74 -75 21 15
63 -64 10 58
69 -70 58 40
75 -76 22 16
64 -65 11 59
70 -71 59 41
76 -77 23 17
65 -66 12 60
71 -72 60 42
77 -78 24 18
1
-61
-67
-73
66
72
78
0
49  0
27 D 2
33 E 2
39 F 2
45 G 2
8 A 1
57 H 2
14 B 1
20 C 1
26 D 1
6 START 5
54  5
32 E 1
38 F 1
44 G 1
7 A 0
56 H 1
13 B 0
19 C 0
25 D 0
5 START 4
53  4
31 E 0
37 F 0
43 G 0
55 H 0
12 A 5
18 B 5
24 C 5
4 START 3
52  3
30 D 5
36 E 5
42 F 5
48 G 5
11 A 4
60 H 5
17 B 4
23 C 4
3 START 2
51  2
29 D 4
35 E 4
41 F 4
47 G 4
10 A 3
59 H 4
16 B 3
22 C 3
2 START 1
50  1
28 D 3
34 E 3
40 F 3
46 G 3
9 A 2
58 H 3
15 B 2
21 C 2
1 START 0
